The column names used in the file: ['col0', 'col1', 'col2', 'col3', 'col4', 'col5', 'col6', 'col7', 'col8', 'col9']
we choose the column 1, i.e col2 as the example for following statistic
the col2 is [ 439  447  682  499  783  180  321  561  365  496  460  880  338  206
  247  574  479   44   76  646  172  635  449  792   63  653  337  804
  895  434  411  145  132  879   94  706  128   78  393  641  886  881
 1000  319  128   44  445  373  261   56  552  965   43  466   37  900
  255  346  784  877  370  331  671  613  922  350  197  199  116  104
  918  169  355  474  462   95  431  750  134  275  333  775  782  210
  219  885  347   50  540  302  409  425  204  672  620  332  542  584
  510  903  280  640  335  693  576  811  507  182  457  864  438   33
  737  786  845  421  833  915  484  359   63  953  543  279  772  353
  876  164   68  432  786  552   27  134   42  883  381  130  696  881
  426  615  203  850  383  382  847  760  225  178  328  491  477   78
  265  477   51  401  546  190  534  724  488  383  689  352  862  425
  222  932  211  321  272  210  720  879  866    5  790  998  868  772
  794  264  739  350  652  819  570   59  925  960  576  661  501  836
   77   30  644  829  793  746  619  752  587  121  813   62  559  626
   57  220  131  474  909  127  198  873  455  360  675  914  145  713
  796  143  893  874  128   76  608  236  582  500  840   27  247  692
  226  554  165   39  944  239   90  352  857  804  868  285  756  209
  117  658  608  229  466  549  372  472  458  999  734  925  726  101
  217  958  257  863   73  399  933  407  286  141  617  364  162  164
  185  151  136  420  515  754  624  244  564  553  355  233  218   64
  148  847  857   79  183  686  202   18  864  506  517  142  304  388
  510  887  216  653  538  278  453  214  139  991  450  337  106  321
  619  856  746   59  761  682  810  203  482  296  278  170  574   21
  180  426  875  137  621  991  457  880  452  240  358  127  363   14
  929  592  515  261   89  549  361  864  984   60  884  932  547  132
  976  797  484  147  875  567  370  423   83  969  205  307  557  907
   75  365  976  646  190  762  395  897  770  145   49  885  434  406
  857  239  157  648  578  613  967  252  506  244  430  316  985  417
  369  129  763  964   42  514  429  535  794  776  215  484  371  188
  819  795  321  942  282   18  294   60  502   22  462  208  467   83
   67  910  804  811  314  554  923  746  917  446  374  406   53  735
  189  883  916  974  269  368  660  852  415  231  543  539  129  454
  107  981  160  835  276  270  581  767  700  657  878  374  415  422
   12  814  148  355  281  706  955  690   16  348  884  646  772  235
  307  704  341  867  722  752  381  674  545  337  460  909  527  506
  706  749  802  272  951  138  260  119  352  744  553  720   96  893
   54  996  775  105  338  321   16  360  331  161  578  445  471  352
  723  931  821  656  637  834  768  919  115    9  505  155  644  409
  225  855  591  179  851   16  453  163  742  833  458  801  458  744
  369  676  944  970  111  556  872  312  499  536  761  578  546  476
  232  636  795  693  871  393  948  910  450   61  423  776   91  514
  485  553  334  953  712  836   72   19  443  314  580  669  876  505
  821  671  766  305  330  114   11  574  303    4  202  309  936  338
  763  820  865  593  799  818  234  544  302  342  447  697  444  536
  117  361  893  669   85  628  594  915  187  656  374  165  904  970
  970  835  274  748   46  123  664   87  630  976  165  133  679  182
  660  444  962  615  180  298  665  608  926  566  335  791   26  403
  245  414  154  961  969  986  384  998  487  319   83  326  570  266
  487  117  578  225  323  840  405  364  184  978  193  373  569  487
  930  596  803  973    7  940  419  215  580  634  448  781  464  963
  254  396  936   87  630  681  315  614  664  386  968   87  798  142
  631  413   61  442  845  628  286  760   96  951  334  781  773  602
  942  833  358  735  469  813  470  706  459    6  257  726  311  108
  532  530  448  348  154  589  192  784  990  770  999  641  969  481
  374   54  322  854  921   52   71  375   91  621   97  705  572  603
  277  522  246  224  939  620  587  517  138  945  477  879   41  705
   18    4  793  281  201  479  501  170  276  704  955  354  393  720
  449  732  230  680  555  388    2  494  529  231  643  334  896   35
  241  335  365   32  254  726  214  826  769  446  971  586  438  485
  768  583  504  856  731   28  499  398  604  313  258  224  488  842
  431  482  775  289  988   64  895  125  979  671  984   82  606  178
  756   67  389  667  448  733  178  759  190  629    6  720   10  914
  228  426  269  968  655  103  501  105  450   99  816  768  386  181
  580  554  627  512  978  688  234  232  416   26  267  674  866  795
  688  756  572   23  109   96   46  983   66  147  499  104  691   81
  109  117  372  648  257  368  352  103  299   31  869   60  763  132
  665  650  861  559  603  507  493  450  226  121   38  261  848  343
  886  813  684  837  267  626   32  631  266   79  721  657  663  600
  644  680   34  316  848   84  761  123  526  336  629  225  591  272
  177  651   38  195  202  302  613  568  627  128  480  151   71  480
  299  894  515  303  644  388]
the mean of value in column 1 is 485.635
the mode of value in column 1 is 321
the standard deviation of value in column 1 is 285.66938017535193
the median of value in column 1 is 475.0


we choose the column 4, i.e col5 as the example for following statistic
the col5 is [101 687 817 731 479 721 651 929 916 482  76 210 345 408 307 723 531 205
 274 158 286 769 171 668 692 432 346 142 635 617 963 661 414  77 148 704
 434 678 682 921 729 778 224 652  52 280   0 119 455 163 685 782 988 514
 927 362 647 227 235 799 807 531 316 420 743 785 301 305 737 639 701 749
 236 399 191 653 843 173 290 687 683 483 565 710 498 279   7 269 107 939
 547 698 120 527  22 636 518  94 267 224 524 949 730 817  20 724 853 350
 431 379 707 436 980 221 711 961 651 914 450 254 301 998 746 164  15 324
 686 126 785 174 224 358 568 272  32 896  97  62 213 863 890 707  68 270
 692 384 686 552 660 697 186 680 946 502 988 685 368 573 980 386  73  61
 291 783 289 258 926 149 826 975 903 214 798 565 784 848 853 290 517 797
 607 485 104  72 499 150 526  64  82 860 410 357 445 788 284 904 576 226
 704 980 479  99 543  34 276 774  70  80 192 514 637 843 270 823 518 575
 410  42 899 472 909 841 839 585 855 932 918 789  45 266 192 548 455 392
  77 410 701 855 653 480 544 509 368 477 887 730 359 339 200 100 800 667
 538 753 385 847 172 227 984  50 651 820 919 153 216  79 134 880 139 460
 305 471 573 841 797 546 771 568 984 871 253 312 155 424 477 432 514 483
 687 983 326 222  75 124 487 723   8 801 274 522 581 879 895 155 375  58
 319 380 245 368 820 513 663 719 916 536 729 851 567 987 534 446 878 397
 122 196 965 714 975 489 307 735 508 957 306 918 793  79 948 345 149  66
 286 878 216 198 827 958 966 808 263 156 748 287 937 426 463 295 656 740
 302 517 689 697 961 153 931 878 736 784 874  87 370 720 841 238 996  97
 448 425 870 703 384 420 205 952 421 417 233 197 387  98 229 399 354 486
 619 800 721 665 732 277 670 530 364 938 495 645 291 214 614 986 979 725
 885 190 147 988 904 573 621 263 487 529 805 258  43 959 452 582 161 310
 615 681 835 209 219  42 950 956 655 419 323 222 471 378  12 188 443 874
 558 273 330 294 458 500 538 337 199 940 981 229 822 481 386 836 472 805
 499 133 499 701 898 382 854 599 764 931 643 939 470 586  58 565 170   7
  39 181 540 750 496 218 623 335  45 146 345 793 728 230 145 153 113 977
 432 459 528 401 641 199 634 564  77 761 713 230 726 144 437 525 103 966
 727 448  43 811 357 996 487 980  37 220 916 792  86 546 448 807 951 399
 117 348 992 939 680 451 140 687 484 471 310 230  65 484 856 778 298 652
 197 646 560 583 783 441 354 936 461  92 539 385  12 381 606 241 178 470
 314 246 837 371 180 418  18 454 198 116  14 258 787 839 866 548 508 148
 481 346  62 602 614 201 971 117  10 258 662 615 347 998 373  22 666   3
 512 547 469 743  31 306 792 521 379 357 315 591 146 665 525 455 357 483
 542 311 123 754 462  72 414 570 222 598 547 413 892 724 429 196 851  19
 988 439 630  59 105 941 385 742 444 575 794  77 345 123 988 649 877 434
 385 687 787 323 178 623 386 559  12 998 500 122 933 729 408 751 667 406
 488 118  26 692  43  98 107 212 855 591 112 884 211 760 601 302 380 221
 719 674 694 504 474 723 896  89 325 831 113 405 309 513 430 413 900 482
 228 334 612 599 277 658 921 172 273 667 756 826 477 410 146 398 121 801
 371 885 824 416 196 852 959 430 183 183 566 712 858 960 445 571 198  75
 562 462 420 572 309  42 460 714 232  46 239 468   1 763 729 372 820 666
 739 292 394 323 639 691 369 815 680 784 993 396 616 985 650 930 675 145
 370 714 471 603 421 917 304 743  74 847 433  88 106 442 752  48 760 891
 532  49 295 302 740  28 134 516 491 266 511 367 174  71 195 575 630 370
 489 925  53 160 982 304 240 764 692 987 145 474 291 356 261 101 807 972
 311 430  29 770 778 423 941 145 808 733 697 100 505 308 395   5 812 310
   3 241 666 693 606 792 211 214 191 608 748 574  67 700 478 955 505 974
 124 937 757 778 810 446 483 370 811 862 627 331 328 553 653 901 298 981
 962  78 298 281 297  68 837 120 493 617 307 519 243 185  65 470  38 928
  72 817 731 393 252 871 450  12 830 930 801 844 558  63  53 461  29  37
 339 782 933 896 113 281 746 800 198 547 610  59 502 186 768 882 496 950
 230 472 817 970 380 134 473 179 658 930 718 551 227 636  58 866   8 740
 433  42 164  20 489 731 476 410 613 262 207 679 667 767 191 745 350 803
 411 959 695 940 293   2 612 364 611 927]
the mean of value in column 4 is 497.136
the mode of value in column 4 is 687
the standard deviation of value in column 4 is 283.8939401841351
the median of value in column 4 is 484.0


we choose the column 7, i.e col8 as the example for following statistic
the col8 is [  64  695   41  708  789  164  298  327  300  976  836  647  783  888
  424  497  305  204  348  946  221  790  856   32  717  903  228  511
  725  351  444  127  488  554  989  850  319  552  472  292  660   32
  301  446  435  357  929  199  756  427  734  704  445  576  132  219
  172  184  573  633  148  199  843  747  345  495  527  836  194  996
  221  228  730  301  548  172  411  735  317  671  300   45   98    4
  777  693  523  249  975  104    3  911  228  407   60  577  563  492
  111  481  801  745  680  433  743  541  125  536  314  346  507  999
  670   96  549  665  989   59  982  865   16   93  722  238  785  603
  241  947  875  968  508  500  802  844   18  916  183  945  698   92
   39  333  812   53  395  892  535  319  952  587  964  568  466   98
  590   71  980   42  963  976  119  128  672  302  780   42  890  137
  668  558  695  524  580  405  551  605  123  862  576  257  201  601
  779  768  807  317  972  733  226  529  802  363  523  779  150   76
  506  425  347  936  871  678  835   43  491  817  559  495  313  796
  742  956  377  110  467   71  513  900  472  835  382    8  597  917
  956  185  261  737   35   99  245  414  862  442  274   67  448   75
  432  569  764  439  862  850  255   58  775  852  518  357  135  264
  326  220  222  706  918  594  999  147  107   51  582  442  954  287
  786  745  702  277  554  644  968  759  882  924  206  512  536  823
  605  743   69  887  818  593  959  653  223  638    6   78  412  758
   26  692  405  923  953  409  819  864  175  199  305  704  762  143
   39  132  773  208  740  743  267  700  874  736   24  762   20  154
  490  374  288  366  786  215  316  790  991  471  987  860   61  568
  399  272  585  855  835  813  905  366  468  163  240  461  401   73
  933  445  931  355 1000  385   10  424  879  340  969   74   35  713
  638  254  959  758  216  152  929  302  357  194  678   68   46  748
  508  626  465  463  469  154  813  477  585  264  843  224  179  128
  166  281  714  186  734  790  362  941  746  952  406  281  866  274
  789  807  375  241  165   91  780  426  300  692  587  506  774  483
  159  527  727   11   28  399  576  926  382  184  522   43  339  996
  267  332  152  881  681  749  527  748  203  909  572  249  339  208
  668  111  596  932   15  580  887  831  996  999  644   23  957  445
  406  157  163  788  923  267  726  297  751  934    5  499  598  324
  245  432  565  708   31  893  649   77  195  758  234  427  747  445
  405  625  184  739  292  786  317  822  314  361  982  521  355  863
  369    2  161  965  788   74   80  145  356  312  690  236  882  661
  120    6  170  574  758  414  213  227  367  627  961  175  512  128
  310  768   67   20  269  266  978  809  417  651  721  344  846  955
  724  219  996  834  457  803   80  567  335  683  412  893  487  244
  769  574  556  406  993  815  204  148  547  881  710  647  488  585
  219  673   35  931  595  877  472   62  889  648  319  513  802  324
  940  392  737  775  886  490  678  851  610  883   48  756  767  982
  585 1000  775  906  414  938  651  926   97  117  143  569  955  937
   43  971   32  391  860  710  880  856  756  967  966  339   13   22
  183  498   87  578  951  324   75  223  183  996  950  230  509  965
  835   86  444  881  759  538  670  108  477  930  896  591  970  426
  385  553  794  175  729  171  688  943  368   16  186  712  409  943
  482   96  999  929  223  655  132  337  615  528  803  713  174  737
  688  665  952  609  627  480  499  650   78  781  563  973  691  545
  910  407  314  848  618  585  339    0  726  998  944  588  529  719
  534  135  133  159   68  314  499  820  869  659  797  863   97  930
  321  324  685  128  684  640  878  586  319  396  471  319  250  476
  657  602  146  342  757  416   40  279  542  914  232   29  851  743
  154   88  598  785  742  619  846  842  407  490  503  830  192  656
  606  101  680  348  481  632  797   32  377   64  463  692  729  432
  802  408  357  959  913  638  174  398  309  412  207  351  255  286
  119  887  357  134  910  164  378  227  608  883  363  197  236  250
  387  570  690  871  828  985  526  732  869  391  854  689  538  749
  355  101  359  215   50  595    4  314  997   90  379  311   75  122
  446  478  981  300  201   41  762  867  461   35   78  907  315  236
  687  370  750  300  470  487  912  846  462  812  903  658  980  956
  634  656  749  454  110  715  630  782  187  549  527  384  791  215
  800  269  416   44  960  536  675  734  777  495  812  589  884  786
   80  873  613  451  329  786  589  758  967  718   21  875  607   62
   39   64  287  437  702   99  997  542  543  525  391  374  874  239
  153  416   96  853  582   63  878  554  319  816   93  376  645  607
  729  656  820  228  486  670  929  865  955  438  939  726  240  761
  476  993  924  272  841  995  555  536  807  509  735  509  870  231
  190  310  165  671  742  697  219  458  983  414  780  893  989  384
  822  860  951  251  718  153  371  107  391  649  488  832  499   70
  743   71  828   51  387  772]
the mean of value in column 7 is 518.287
the mode of value in column 7 is 319
the standard deviation of value in column 7 is 293.0207497614986
the median of value in column 7 is 525.5
